WellIds: 0 1
Node 0 ( 0 0 )
Node 1 ( 1 0 )
  -> 0 (2.25)
Node 2 ( 1 1 )
  -> 0 (2.25)
Node 3 ( 2 0 )
  -> 1 (0)
Node 4 ( 2 1 )
  -> 1 (0)
  -> 2 (0)
  -> 3 (0)
Node 5 ( 3 0 )
  -> 3 (0)
Node 6 ( 3 1 )
  -> 5 (0)
  -> 3 (0)
  -> 4 (0)
Node 7 ( 4 2 )
  -> 6 (0.25)
Node 8 ( 5 3 )
  -> 7 (0.25)
Node 9 ( 5 4 )
  -> 8 (0.25)
Node 10 ( 5 5 )
  -> 9 (0.25)
Node 11 ( 6 6 )
  -> 10 (0)
Node 12 ( 7 7 )
  -> 11 (0)
Node 13 ( 8 8 )
  -> 12 (0)
Node 14 ( 9 9 )
  -> 13 (0)
Node 15 ( 10 9 )
  -> 14 (2.25)
Node 16 ( 10 10 )
  -> 14 (1)
Node 17 ( 11 9 )
  -> 15 (0.25)
Node 18 ( 10 11 )
  -> 16 (0.25)
Node 19 ( 10 12 )
  -> 18 (0)
Node 20 ( 12 10 )
  -> 17 (0.25)
Node 21 ( 10 13 )
  -> 19 (0.25)
Node 22 ( 11 13 )
  -> 19 (0.25)
Node 23 ( 13 11 )
  -> 20 (0.25)
Node 24 ( 11 14 )
  -> 21 (1)
  -> 22 (1)
Node 25 ( 13 12 )
  -> 23 (0)
Node 26 ( 13 13 )
  -> 25 (0.25)
Node 27 ( 12 15 )
  -> 24 (1)
Node 28 ( 13 14 )
  -> 26 (0)
Node 29 ( 13 15 )
  -> 28 (0.25)
Node 30 ( 13 16 )
  -> 29 (0)
  -> 27 (0)
Node 31 ( 14 17 )
  -> 30 (0)
Node 32 ( 15 18 )
  -> 31 (0)
Node 33 ( 16 19 )
  -> 32 (0)
Node 34 ( 17 20 )
  -> 33 (0)
Node 35 ( 18 20 )
  -> 34 (0)
Node 36 ( 18 21 )
  -> 35 (0)
